1111
2222
33331111
2222
33331111
2222
33331111
2222
33331111
2222
33331111
2222
33331111
2222
33331111
2222
33331111
2222
33331111
2222
33331111
2222
33331111
2222
33331111
2222
33331111
2222
33331111
2222
33331111
2222
33331111
2222
33331111
2222
33331111
2222
33331111
2222
33331111
2222
33331111
2222
33331111
2222
33331111
2222
33331111
2222
33331111
2222
33331111
2222
33331111
2222
33331111
2222
33331111
2222
33331111
2222
33331111
2222
33331111
2222
33331111
2222
33331111
2222
33331111
2222
33331111
2222
33331111
2222
33331111
2222
33331111
2222
33331111
2222
33331111
2222
33331111
2222
33331111
2222
33331111
2222
33331111
2222
33331111
2222
33331111
2222
33331111
2222
33331111
2222
33331111
2222
33331111
2222
33331111
2222
33331111
2222
33331111
2222
33331111
2222
33331111
2222
33331111
2222
33331111
2222
33331111
2222
33331111
2222
33331111
2222
33331111
2222
33331111
2222
33331111
2222
33331111
2222
33331111
2222
33331111
2222
33331111
2222
33331111
2222
33331111
2222
33331111
2222
33331111
2222
33331111
2222
33331111
2222
33331111
2222
33331111
2222
33331111
2222
33331111
2222
33331111
2222
33331111
2222
33331111
2222
33331111
2222
33331111
2222
33331111
2222
33331111
2222
33331111
2222
33331111
2222
33331111
2222
33331111
2222
33331111
2222
33331111
2222
33331111
2222
33331111
2222
33331111
2222
33331111
2222
33331111
2222
33331111
2222
33331111
2222
33331111
2222
33331111
2222
33331111
2222
33331111
2222
33331111
2222
33331111
2222
33331111
2222
33331111
2222
33331111
2222
33331111
2222
33331111
2222
33331111
2222
3333
